681
4573
4384
5050
8787
4690
504
2369
6778
8111
2521
6728
1225
4706
5006
1248
2263
6308
8117
726
3737
1435
9815
8914
3462
7246
9191
75
9046
2898
7654
6176
4977
2052
4186
4567
348
6251
2539
2957
69
7487
8411
6604
8019
74
6662
5213
3540
1726
7825
5835
3399
2049
1173
3201
5653
3097
6034
5875
9541
7959
2117
9517
6701
4070
4368
6932
5770
9193
347
6402
8992
6229
5317
6910
7782
5130
1344
4190
5341
2386
8234
2970
3621
9630
1299
7716
2396
676
7808
3059
7291
1600
449
9064
1410
2156
1284
9525
7509
4333
6950
4224
7542
1295
6850
6790
9798
4342
3035
2127
6687
6111
157
7941
1305
1859
8009
5095
5934
794
330
1906
7353
3452
3204
6424
1813
8634
8685
6553
8976
204
9357
9519
9318
2226
2579
9159
471
7710
3726
8287
2051
9627
1247
6625
2164
9612
9516
7415
5033
5059
5910
6955
6340
7891
9792
8761
3797
3307
492
6341
8440
5399
6702
2534
8510
1548
5589
6641
6671
7097
6791
9730
1761
5977
3387
7688
1030
2727
521
9650
4093
8035
5534
4622
4699
4543
5971
9041
131
9865
2399
2594
6754
8316
9176
2360
4582
9744
1654
1315
9326
9080
2402
4498
7881
5226
5651
3304
914
7563
9338
6370
2251
9056
519
1242
3239
3958
5475
6727
1094
6330
2490
2553
4519
6002
2195
11
2472
6741
3291
6982
3966
7272
7562
174
1200
9685
424
5862
7376
7064
5939
2795
3397
7205
9218
6765
9303
7984
1472
9122
4491
6334
7193
1647
6212
8826
4181
2926
5739
4318
5813
1791
4572
7069
6457
1652
3052
572
7970
4199
3386
9221
1910
813
2589
1067
2988
8623
9108
8231
9851
8281
8043
7078
9896
6144
7508
815
7689
9576
7024
4468
3080
8383
1317
8630
675
4408
8254
7021
9340
2100
8957
9332
3316
9280
9934
4994
9098
565
6688
8996
4184
1013
1232
8936
5060
5816
7275
855
2287
2933
8982
3639
3720
3172
195
893
4770
6187
1773
8815
7902
4130
8350
7645
8556
9589
6770
9168
7229
5957
3714
8533
6546
1982
6278
2865
1718
9454
7553
3878
935
7255
4395
1565
8987
5784
1016
51
8488
8678
9914
6366
7696
1081
4633
2290
2219
7489
7345
8638
2503
1960
9258
9317
1597
9796
4782
781
5236
8173
485
5553
190
1390
1623
8820
1511
821
3845
5243
4692
1912
2247
4131
3654
5740
8158
3980
9686
487
597
8169
7819
8743
1706
3787
9704
3168
5735
1976
8999
3356
9530
7519
8730
9147
8948
6594
6920
8520
5240
4358
3977
5767
9384
6449
2557
5449
1985
3486
4009
5585
33
596
4303
4398
4839
6016
960
3631
8946
9495
7145
8119
7045
3324
1563
3719
7010
5141
9018
1012
2201
8266
6435
8684
3421
3232
6223
3899
2131
317
631
1721
4945
6978
6830
8427
4073
1049
2619
422
7269
1704
1716
8188
7591
9671
4626
8893
5196
877
7403
8780
6706
3317
2176
6003
1231
6378
3846
8801
5904
7500
6639
2255
176
1741
6152
1590
3556
9857
4113
4323
2779
7872
4355
6056
7955
9038
6148
4513
2881
7895
7979
4363
2923
3122
2183
7517
4083
2640
6114
8657
1574
3363
7671
6942
4669
7680
9763
55
2638
6703
7316
5158
8593
7847
7488
704
2805
7748
95
5288
7904
7232
3850
6257
7090
3484
203
814
6373
3867
3220
589
1153
9563
5730
3049
733
7459
8867
8645
8757
1063
989
4391
5422
1388
6044
9275
1509
1551
1975
568
4165
9121
1343
4047
9169
4652
3418
2824
7063
6075
4322
8223
9593
3044
6475
2660
8748
23
7410
5980
2334
4202
4200
9946
6204
4767
396
9957
6427
9985
2828
7312
2991
7247
2904
4607
7871
2003
7576
7280
6887
4203
651
3681
7961
6714
2014
3525
8210
8300
5640
3328
7794
7998
9719
4481
1297
2652
577
3069
4559
7743
4675
9751
8228
3420
7650
5601
2852
2074
7545
4744
1969
1433
5961
3385
3852
392
2747
2269
4138
4137
4913
840
212
4604
9397
5550
5002
7793
6931
9438
6321
2435
8104
1257
2214
6043
7569
671
8579
6831
4871
9774
6372
1271
3901
525
5708
8250
1775
8239
7502
5508
5785
1607
6260
5479
9526
1893
4679
4392
9308
737
8369
9128
7166
7437
2106
9242
9578
5358
7441
9076
2764
8310
3838
54
8926
6840
2868
7019
459
5456
4661
3368
6182
875
725
812
6565
7457
5823
4027
2584
5659
2479
2349
3258
4595
2551
2237
1193
2832
4856
554
944
4673
4242
1363
2313
6286
4668
2761
1104
9248
5812
9012
4445
8652
4533
6589
4748
2653
4254
9450
1588
5746
9349
2563
4431
6502
5279
2692
4252
395
5010
1500
1552
7821
1917
3178
5116
8476
444
5907
8418
4787
9592
2253
1372
4980
7999
7629
3275
8664
8013
3608
1980
3496
9066
1386
6599
8470
1970
8598
7482
4075
3904
4642
5269
1987
5119
4684
2496
9229
7144
3025
9587
9924
669
6515
3732
4390
7972
5646
9606
4227
9817
5884
7853
9276
38
361
1807
9480
5661
6146
7947
835
6268
6798
4475
8385
8895
3594
1454
4096
5472
6109
3160
3469
8756
8017
5928
6189
7861
2152
100
4578
6911
5270
9722
9048
2873
1473
2324
8022
3015
9232
6824
3192
4608
6510
3700
5356
8402
6725
3013
7121
8974
582
3114
2863
1944
858
3189
7106
876
3708
2757
6319
6437
4106
8493
8566
2423
8763
7865
8747
2038
241
2475
3686
1463
8855
363
7020
556
3263
6443
7987
1881
2449
4955
7100
3021
4761
7554
165
1561
7556
6808
2034
2844
7008
5509
5493
2745
3699
5985
7860
6399
1950
8002
6930
9661
7404
2538
321
9871
9036
9282
4888
1226
5321
7335
1911
3309
4411
8887
6523
3962
7158
9790
9416
3571
3027
5892
9501
4760
3872
6412
1442
8474
4155
225
326
282
6061
7332
8765
3108
1755
9095
6642
3187
5532
3479
6985
9955
3404
5988
3754
2260
1287
265
5122
125
692
226
9846
295
1259
6580
8205
